Index Position :0	Operation: Multiplication

-----------------------------------------------------
First Input Array :
         1         2         3         0         0
         0         0         0         0         0
         0         0         0         0         0
         0         0         0         0         0
         0         0         0         0         0

-----------------------------------------------------
Second Input Array :
         4         0         0         0         0
         5         0         0         0         0
         6         0         0         0         0
         0         0         0         0         0
         0         0         0         0         0

-----------------------------------------------------
Output Array(for determinant the element at array[0][0] is the answer)
        32         0         0         0         0
         0         0         0         0         0
         0         0         0         0         0
         0         0         0         0         0
         0         0         0         0         0

-----------------------------------------------------
Index Position :1	Operation: Inverse_matrix

-----------------------------------------------------
First Input Array :
         1         2         0         0         0
         3         4         0         0         0
         0         0         0         0         0
         0         0         0         0         0
         0         0         0         0         0

-----------------------------------------------------
Second Input Array :
         0         0         0         0         0
         0         0         0         0         0
         0         0         0         0         0
         0         0         0         0         0
         0         0         0         0         0

-----------------------------------------------------
Output Array(for determinant the element at array[0][0] is the answer)
        -2         1         0         0         0
       1.5      -0.5         0         0         0
         0         0         0         0         0
         0         0         0         0         0
         0         0         0         0         0

-----------------------------------------------------
Index Position :2	Operation: Transpose

-----------------------------------------------------
First Input Array :
         1         2         3         4         5
         0         0         0         0         0
         0         0         0         0         0
         0         0         0         0         0
         0         0         0         0         0

-----------------------------------------------------
Second Input Array :
         0         0         0         0         0
         0         0         0         0         0
         0         0         0         0         0
         0         0         0         0         0
         0         0         0         0         0

-----------------------------------------------------
Output Array(for determinant the element at array[0][0] is the answer)
         1         0         0         0         0
         2         0         0         0         0
         3         0         0         0         0
         4         0         0         0         0
         5         0         0         0         0

-----------------------------------------------------
Index Position :3	Operation: Matrix_Addition

-----------------------------------------------------
First Input Array :
         1         2         3         4         5
         0         0         0         0         0
         0         0         0         0         0
         0         0         0         0         0
         0         0         0         0         0

-----------------------------------------------------
Second Input Array :
         1         2         3         0         0
         0         0         0         0         0
         0         0         0         0         0
         0         0         0         0         0
         0         0         0         0         0

-----------------------------------------------------
Output Array(for determinant the element at array[0][0] is the answer)
         2         4         6         4         5
         0         0         0         0         0
         0         0         0         0         0
         0         0         0         0         0
         0         0         0         0         0

-----------------------------------------------------
Index Position :4	Operation: Matrix_Power

-----------------------------------------------------
First Input Array :
         1         2         3         0         0
         4         5         6         0         0
         7         8         9         0         0
         0         0         0         0         0
         0         0         0         0         0

-----------------------------------------------------
Second Input Array :
         0         0         0         0         0
         0         0         0         0         0
         0         0         0         0         0
         0         0         0         0         0
         0         0         0         0         0

-----------------------------------------------------
Output Array(for determinant the element at array[0][0] is the answer)
        30        36        42         0         0
        66        81        96         0         0
       102       126       150         0         0
         0         0         0         0         0
         0         0         0         0         0

-----------------------------------------------------
Index Position :5	Operation: Determinant

-----------------------------------------------------
First Input Array :
         1         2         0         0         0
         3         4         0         0         0
         0         0         0         0         0
         0         0         0         0         0
         0         0         0         0         0

-----------------------------------------------------
Second Input Array :
         0         0         0         0         0
         0         0         0         0         0
         0         0         0         0         0
         0         0         0         0         0
         0         0         0         0         0

-----------------------------------------------------
Output Array(for determinant the element at array[0][0] is the answer)
        -2         0         0         0         0
         0         0         0         0         0
         0         0         0         0         0
         0         0         0         0         0
         0         0         0         0         0

-----------------------------------------------------
Index Position :6	Operation: Matrix_Subtraction

-----------------------------------------------------
First Input Array :
         1         2         3         0         0
         0         0         0         0         0
         0         0         0         0         0
         0         0         0         0         0
         0         0         0         0         0

-----------------------------------------------------
Second Input Array :
         5         6         7         0         0
         0         0         0         0         0
         0         0         0         0         0
         0         0         0         0         0
         0         0         0         0         0

-----------------------------------------------------
Output Array(for determinant the element at array[0][0] is the answer)
        -4        -4        -4         0         0
         0         0         0         0         0
         0         0         0         0         0
         0         0         0         0         0
         0         0         0         0         0

-----------------------------------------------------
