Index Position :0	Operation: Inverse_matrix

-----------------------------------------------------
First Input Array :
1 2 0 0 0 
3 4 0 0 0 
0 0 0 0 0 
0 0 0 0 0 
0 0 0 0 0 

-----------------------------------------------------
Second Input Array :
0 0 0 0 0 
0 0 0 0 0 
0 0 0 0 0 
0 0 0 0 0 
0 0 0 0 0 

-----------------------------------------------------
output Array(for determinant the element at array[0][0] is the answer)
-2 1 0 0 0 
1.5 -0.5 0 0 0 
0 0 0 0 0 
0 0 0 0 0 
0 0 0 0 0 

-----------------------------------------------------
Index Position :1	Operation: Determinant

-----------------------------------------------------
First Input Array :
1 2 0 0 0 
3 4 0 0 0 
0 0 0 0 0 
0 0 0 0 0 
0 0 0 0 0 

-----------------------------------------------------
Second Input Array :
0 0 0 0 0 
0 0 0 0 0 
0 0 0 0 0 
0 0 0 0 0 
0 0 0 0 0 

-----------------------------------------------------
output Array(for determinant the element at array[0][0] is the answer)
-2 0 0 0 0 
0 0 0 0 0 
0 0 0 0 0 
0 0 0 0 0 
0 0 0 0 0 

-----------------------------------------------------
